DIFF 1 640272755205 1
DIFF 2 1 591207572916
DIFF 3 538834059772 1
DIFF 4 1 651560466542
DIFF 5 53918177164 1
DIFF 6 1 731243786921
DIFF 7 280928460341 1
DIFF 8 1 420550709598
DIFF 9 505596693926 1
DIFF 10 1 297957781872
DIFF 11 539595697240 1
DIFF 12 1 271980931670
DIFF 13 163584867755 1
DIFF 14 1 408959930168
DIFF 15 613017450390 1
DIFF 16 1 731732348249
DIFF 17 378414992333 1
DIFF 18 1 456422468232
DIFF 19 531735001018 1
DIFF 20 7 262940347957
DIFF 21 20500258997 1
DIFF 22 1 640186652235
DIFF 23 288696733368 1
DIFF 24 1 599471948126
DIFF 25 179838812280 1
DIFF 26 1 528599855802
DIFF 27 572103441220 1
DIFF 28 1 399749770847
DIFF 29 471252122814 1
DIFF 30 1 188892933564
DIFF 31 147457992321 1
DIFF 32 1 640136467423
DIFF 33 295260864336 1
DIFF 34 1 712004032114
DIFF 35 207710837164 1
DIFF 36 1 509102906983
DIFF 37 124084770809 1
DIFF 38 7 268092594038
DIFF 39 144045609930 1
DIFF 40 7 139629594478
DIFF 41 123845033789 1
DIFF 42 1 544337178853
DIFF 43 220763752775 7
DIFF 44 1 172785526295
DIFF 45 252433441896 1
DIFF 46 1 631487945977
DIFF 47 747614590727 1
DIFF 48 7 440705246660
DIFF 49 154142149676 7
DIFF 50 1 78212576027
DIFF 51 178511716091 1
DIFF 52 7 112783375688
DIFF 53 40277972326 2
DIFF 54 1 565999170595
DIFF 55 209268547240 1
DIFF 56 7 480133092575
DIFF 57 47264430202 1
DIFF 58 1 249104290649
DIFF 59 109090120011 7
DIFF 60 1 143219851851
DIFF 61 338701940052 1
DIFF 62 1 280457475460
DIFF 63 563029450801 1
DIFF 64 1 103397479458
DIFF 65 352952345212 7
DIFF 66 7 15159935073
DIFF 67 108079210706 1
DIFF 68 1 41975145345
DIFF 69 244877925524 1
DIFF 70 7 766719432400
DIFF 71 104026816232 1
DIFF 72 1 144809633277
DIFF 73 274458187176 1
DIFF 74 2 112429312686
DIFF 75 552803893249 7
DIFF 76 7 36568593258
DIFF 77 636876592 1
DIFF 78 1 175551950868
DIFF 79 123454942674 7
DIFF 80 7 74594764019
DIFF 81 125408883869 1
DIFF 82 1 749283111496
DIFF 83 436939753390 1
DIFF 84 7 619516060951
DIFF 85 59947062354 1
DIFF 86 1 299605841991
DIFF 87 562555997574 1
DIFF 88 1 192794234422
DIFF 89 169122762419 1
DIFF 90 1 13119080722
DIFF 91 92057167941 1
DIFF 92 1 249680782660
DIFF 93 270221129259 1
DIFF 94 1 74290230830
DIFF 95 357400636439 1
DIFF 96 1 731323819929
DIFF 97 209733891636 1
DIFF 98 1 373345172821
DIFF 99 357314491966 1
DIFF 100 1 803336830976
DIFF 101 151580967930 1
DIFF 102 1 709591097022
DIFF 103 54989301359 1
DIFF 104 1 55808058770
DIFF 105 1808990197 1
DIFF 106 1 485352960437
DIFF 107 359581820406 1
DIFF 108 7 709062821359
DIFF 109 25442706805 1
DIFF 110 1 805771223463
DIFF 111 242371557003 1
DIFF 112 1 756860491796
DIFF 113 571337443198 1
DIFF 114 1 511249417167
DIFF 115 710758040341 1
DIFF 116 7 498979226435
DIFF 117 24988050134 1
DIFF 118 1 352676320640
DIFF 119 121883566776 1
DIFF 120 7 519057542558
DIFF 121 192969254026 1
DIFF 122 1 232956126772
DIFF 123 308355925584 1
DIFF 124 1 700097233375
DIFF 125 491322549478 1
DIFF 126 1 755323046079
DIFF 127 346896954808 1
DIFF 128 1 278283535953
DIFF 129 188404976514 1
DIFF 130 1 376562374337
DIFF 131 706979673673 1
DIFF 132 1 157687575522
DIFF 133 5395618169 7
DIFF 134 1 187678626880
DIFF 135 539068038913 1
DIFF 136 7 778955630510
DIFF 137 175752262248 1
DIFF 138 1 311334380429
DIFF 139 270862833113 1
DIFF 140 7 792845929316
DIFF 141 118736509832 1
DIFF 142 7 69583145696
DIFF 143 192793314598 7
DIFF 144 1 28528372100
DIFF 145 5535038092 1
DIFF 146 1 318637033617
DIFF 147 686607149574 1
DIFF 148 1 216367171868
DIFF 149 1635896008 1
DIFF 150 1 730846586128
DIFF 151 19959630411 7
DIFF 152 1 164975221185
DIFF 153 624966692522 1
DIFF 154 1 96738835949
DIFF 155 102540060352 1
DIFF 156 1 539848110945
DIFF 157 486094095129 1
DIFF 158 1 72864031529
DIFF 159 299922515109 1
DIFF 160 1 638501083733
DIFF 161 198813822976 1
DIFF 162 1 519315090278
DIFF 163 791060030807 1
DIFF 164 1 5429165942
DIFF 165 223697847957 7
DIFF 166 1 79152984905
DIFF 167 606933405819 1
DIFF 168 1 32860342640
DIFF 169 467642582194 7
DIFF 170 1 6912893261
DIFF 171 567049734892 1
DIFF 172 1 615043923407
DIFF 173 253114360654 1
DIFF 174 1 165557069572
DIFF 175 629670618929 1
DIFF 176 1 499397075802
DIFF 177 287616478394 2
DIFF 178 1 555138139931
DIFF 179 684399018297 1
DIFF 180 1 330705276843
DIFF 181 256319064167 1
DIFF 182 1 12219845719
DIFF 183 176094363038 1
DIFF 184 1 698873686857
DIFF 185 35881468987 1
DIFF 186 1 412860246886
DIFF 187 115082715066 1
DIFF 188 2 537177682688
DIFF 189 512589392171 7
DIFF 190 1 38392277425
DIFF 191 539867894111 1
DIFF 192 1 385077945387
DIFF 193 305053914867 7
DIFF 194 7 36695003610
DIFF 195 176089771385 7
DIFF 196 1 34107606670
DIFF 197 239445839337 1
DIFF 198 7 419442096430
DIFF 199 133128955445 1
DIFF 200 7 4373264073
DIFF 201 57323204728 1
DIFF 202 1 217199519477
DIFF 203 343103431337 1
DIFF 204 7 392387833164
DIFF 205 11649022730 1
DIFF 206 1 176101027351
DIFF 207 677559192853 1
DIFF 208 1 37755031757
DIFF 209 680604927237 1
DIFF 210 1 697639385256
DIFF 211 170385770069 1
DIFF 212 1 351071291485
DIFF 213 8292202498 1
DIFF 214 1 257697457079
DIFF 215 313933478044 1
DIFF 216 1 775645923383
DIFF 217 250513783347 1
DIFF 218 1 479626002956
DIFF 219 227348303228 1
DIFF 220 7 133344502264
DIFF 221 26899002080 1
DIFF 222 1 488051563159
DIFF 223 579657734710 1
DIFF 224 7 254029403362
DIFF 225 56868978181 1
DIFF 226 7 304572571720
DIFF 227 183581654590 7
DIFF 228 1 50500006419
DIFF 229 86862266490 1
DIFF 230 1 337342577232
DIFF 231 11836680590 1
DIFF 232 1 181463038080
DIFF 233 775579095777 7
DIFF 234 1 155508113756
DIFF 235 175333997174 1
DIFF 236 1 216130536532
DIFF 237 715029483402 7
DIFF 238 1 187683559219
DIFF 239 770695388776 1
DIFF 240 7 148275390887
DIFF 241 185773928106 1
DIFF 242 1 215053406812
DIFF 243 540795306289 7
DIFF 244 1 142516133443
DIFF 245 332102297519 1
DIFF 246 7 182852665609
DIFF 247 194180244675 1
DIFF 248 1 332378077851
DIFF 249 324385695059 1
DIFF 250 1 102136978119
DIFF 251 468737737100 1
DIFF 252 1 347738693521
DIFF 253 85981818121 2
DIFF 254 1 554923553181
DIFF 255 703134896800 1
DIFF 256 1 461479120431
DIFF 257 698200079133 1
DIFF 258 1 277941336380
DIFF 259 559830618484 7
DIFF 260 1 116936253358
DIFF 261 137570422927 1
DIFF 262 1 560248458414
DIFF 263 604232743425 2
DIFF 264 1 516886786205
DIFF 265 381319006317 1
DIFF 266 7 628924571805
DIFF 267 187807384761 1
DIFF 268 1 29362044073
DIFF 269 704884735063 1
DIFF 270 1 106016806884
DIFF 271 142677030998 1
DIFF 272 1 230293993714
DIFF 273 324844172548 1
DIFF 274 7 733324148613
DIFF 275 139632664148 7
DIFF 276 1 64812582712
DIFF 277 346849363203 1
DIFF 278 1 561651495877
DIFF 279 607905428970 1
DIFF 280 1 14723411669
DIFF 281 13270709041 7
DIFF 282 7 97343843858
DIFF 283 145955055346 1
DIFF 284 7 3936228639
DIFF 285 30507644862 1
DIFF 286 1 255684847167
DIFF 287 465732328704 7
DIFF 288 1 191231426574
DIFF 289 564964772544 1
DIFF 290 1 18171470953
DIFF 291 695431517421 1
DIFF 292 7 292955568679
DIFF 293 86180875314 1
DIFF 294 7 56223723015
DIFF 295 58808991791 1
DIFF 296 1 390143204759
DIFF 297 401151552401 1
DIFF 298 7 753015225918
DIFF 299 18880947500 1
DIFF 300 7 685069446433
DIFF 301 98085695027 1
DIFF 302 1 751926720041
DIFF 303 164435994180 1
DIFF 304 1 695873484744
DIFF 305 436203391411 1
DIFF 306 1 708049413460
DIFF 307 678771838565 1
DIFF 308 1 440835028779
DIFF 309 123995736803 1
DIFF 310 1 690149525040
DIFF 311 111043308890 1
DIFF 312 7 654969096162
DIFF 313 124957087302 1
DIFF 314 1 797294359530
DIFF 315 535789518113 1
DIFF 316 7 302979654821
DIFF 317 122981161451 1
DIFF 318 1 146146554305
DIFF 319 177546610748 1
DIFF 320 7 19353639449
DIFF 321 182561139434 1
DIFF 322 1 612603823724
DIFF 323 554834272668 1
DIFF 324 1 675305442461
DIFF 325 688745470753 1
DIFF 326 1 501806885343
DIFF 327 537895129189 1
DIFF 328 1 676092282436
DIFF 329 355118789257 7
DIFF 330 1 92574691952
DIFF 331 410805244396 1
DIFF 332 1 374535261964
DIFF 333 588419683788 1
DIFF 334 1 260820528767
DIFF 335 286643868785 1
DIFF 336 1 629769231174
DIFF 337 695609234723 1
DIFF 338 7 81088186619
DIFF 339 102598804671 1
DIFF 340 1 532475970889
DIFF 341 761473266253 1
DIFF 342 1 652914322735
DIFF 343 63762065111 1
DIFF 344 1 631622978752
DIFF 345 205009624002 7
DIFF 346 7 53243932848
DIFF 347 103165112592 1
DIFF 348 2 811897870524
DIFF 349 536639063203 1
DIFF 350 1 550492474916
DIFF 351 267290153678 1
DIFF 352 1 77100963356
DIFF 353 168624104938 1
DIFF 354 1 626252112130
DIFF 355 348924656952 1
DIFF 356 1 355825217165
DIFF 357 366311158732 1
DIFF 358 1 16370789764
DIFF 359 212584287232 1
DIFF 360 1 694046496990
DIFF 361 726177066352 1
DIFF 362 1 491219168301
DIFF 363 256044174370 1
DIFF 364 7 659339913064
DIFF 365 148579126765 1
DIFF 366 1 695366410116
DIFF 367 590937737119 7
DIFF 368 1 7510796494
DIFF 369 507644149266 1
DIFF 370 1 401198232143
DIFF 371 121178278631 1
DIFF 372 1 194697176178
DIFF 373 689954624314 1
DIFF 374 1 571218890279
DIFF 375 108110831684 7
DIFF 376 1 64742380042
DIFF 377 403351742845 7
DIFF 378 1 110078326163
DIFF 379 195052561542 1
DIFF 380 1 500433743619
DIFF 381 696432946354 1
DIFF 382 1 341417143469
DIFF 383 151814690769 1
DIFF 384 1 280660520178
DIFF 385 778599322739 1
DIFF 386 1 739522181441
DIFF 387 632169044983 1
DIFF 388 1 404939756404
DIFF 389 50880515971 1
DIFF 390 1 241922503623
DIFF 391 522982689711 1
DIFF 392 7 681581901581
DIFF 393 153941930470 1
DIFF 394 7 480459283316
DIFF 395 111210874391 7
DIFF 396 7 82037251729
DIFF 397 44521941336 1
DIFF 398 1 220274285034
DIFF 399 549484360903 1
DIFF 400 1 416343024608
DIFF 401 104417046674 1
DIFF 402 1 370343948760
DIFF 403 256225435173 1
DIFF 404 1 61424554420
DIFF 405 430106101206 1
DIFF 406 1 391606586977
DIFF 407 224899897607 1
DIFF 408 1 729123147194
DIFF 409 438653019957 7
DIFF 410 7 49155502485
DIFF 411 193063837644 1
DIFF 412 1 635320630810
DIFF 413 6055636697 1
DIFF 414 1 506395933776
DIFF 415 598478785309 1
DIFF 416 1 416239076415
DIFF 417 232762523147 7
DIFF 418 7 141185347197
DIFF 419 105884849989 1
DIFF 420 1 528833025385
DIFF 421 216228443075 1
DIFF 422 1 710983100045
DIFF 423 497530261775 7
DIFF 424 1 65949891472
DIFF 425 248102401856 1
DIFF 426 1 748640663348
DIFF 427 432273645596 1
DIFF 428 1 467387741511
DIFF 429 275893119330 1
DIFF 430 1 757073590548
DIFF 431 492960943923 1
DIFF 432 1 311610900615
DIFF 433 620379584017 1
DIFF 434 1 523666557894
DIFF 435 478248024871 1
DIFF 436 1 37099738289
DIFF 437 383366653621 1
DIFF 438 7 516604628886
DIFF 439 177302024203 1
DIFF 440 1 749482152934
DIFF 441 274366848745 1
DIFF 442 1 53582031354
DIFF 443 533204781827 1
DIFF 444 1 520831800761
DIFF 445 414410905581 1
DIFF 446 1 714827836430
DIFF 447 131042386254 1
DIFF 448 1 56039296649
DIFF 449 7279662717 1
DIFF 450 1 555688607028
DIFF 451 448772513105 1
DIFF 452 1 101879702716
DIFF 453 575881299317 1
DIFF 454 1 271955891048
DIFF 455 216801555089 1
DIFF 456 1 94740745549
DIFF 457 449404125537 1
DIFF 458 1 151759202097
DIFF 459 368675770582 1
DIFF 460 7 89237828612
DIFF 461 194789913184 1
DIFF 462 7 416419462066
DIFF 463 80081715057 1
DIFF 464 7 148816313713
DIFF 465 28591493344 1
DIFF 466 7 282626071566
DIFF 467 138860885185 1
DIFF 468 1 620924072164
DIFF 469 73383897326 1
DIFF 470 1 492856431908
DIFF 471 558040681996 7
DIFF 472 1 75463741361
DIFF 473 567064459077 1
DIFF 474 7 666291125679
DIFF 475 13700921844 7
DIFF 476 7 175200331077
DIFF 477 149030650639 1
DIFF 478 1 501871030949
DIFF 479 245637642388 1
DIFF 480 7 596489725833
DIFF 481 6913612800 1
DIFF 482 1 568519658463
DIFF 483 302473754894 1
DIFF 484 1 221770919420
DIFF 485 517443830865 2
DIFF 486 1 513208109793
DIFF 487 814574691665 1
DIFF 488 1 607286298694
DIFF 489 767354893357 1
DIFF 490 1 801086746867
DIFF 491 688449399557 7
DIFF 492 1 116244756570
DIFF 493 642330233878 1
DIFF 494 1 214248873185
DIFF 495 107485018227 7
DIFF 496 7 127046118035
DIFF 497 172525830910 1
DIFF 498 1 621731957174
DIFF 499 169290366916 1
DIFF 500 7 172194157774
DIFF 501 191119514826 7
DIFF 502 1 158103259712
DIFF 503 240421588784 1
DIFF 504 1 367818295130
DIFF 505 535049171988 1
DIFF 506 1 22499998116
DIFF 507 278241229307 1
DIFF 508 1 328283541372
DIFF 509 111306239495 1
DIFF 510 1 677576885423
DIFF 511 163028845819 7
DIFF 512 1 191989970542
DIFF 513 468228721121 1
DIFF 514 7 196190870779
DIFF 515 9478170923 1
DIFF 516 7 369123438582
DIFF 517 150500799168 1
DIFF 518 1 222545300388
DIFF 519 748294475508 1
DIFF 520 1 645303646878
DIFF 521 276036406990 1
DIFF 522 7 534756086422
DIFF 523 2403641343 7
DIFF 524 1 164479875093
DIFF 525 693831325630 1
DIFF 526 1 376305596941
DIFF 527 488727970804 1
DIFF 528 7 129776801120
DIFF 529 91119414749 1
DIFF 530 1 325002965886
DIFF 531 76691083190 1
DIFF 532 1 29817683676
DIFF 533 571034350567 1
DIFF 534 1 143991470888
DIFF 535 260318366629 1
DIFF 536 1 556742635695
DIFF 537 486120236168 1
DIFF 538 1 43987203546
DIFF 539 749701315276 1
DIFF 540 1 512613310321
DIFF 541 175084220559 1
DIFF 542 1 71566945870
DIFF 543 634976127741 1
DIFF 544 7 305170949875
DIFF 545 136975965465 7
DIFF 546 1 70865305689
DIFF 547 378215318373 1
DIFF 548 1 722123430862
DIFF 549 187555079991 1
DIFF 550 1 754806562293
DIFF 551 659151922626 1
DIFF 552 1 106291529048
DIFF 553 516079517604 1
DIFF 554 1 274521185940
DIFF 555 197854073711 1
DIFF 556 1 667951033503
DIFF 557 546052110904 1
DIFF 558 2 141600104486
DIFF 559 510590782395 7
DIFF 560 1 180279937121
DIFF 561 276474900934 1
DIFF 562 1 486147148977
DIFF 563 627244437257 7
DIFF 564 1 68588957383
DIFF 565 568471994593 1
DIFF 566 1 734800629034
DIFF 567 285567378511 1
DIFF 568 1 611589101907
DIFF 569 447264431756 1
DIFF 570 1 226091296147
DIFF 571 665712652238 1
DIFF 572 1 87558094950
DIFF 573 530814732214 1
DIFF 574 1 144067209996
DIFF 575 591573291350 7
DIFF 576 7 180375177240
DIFF 577 23982563233 7
DIFF 578 1 180186527592
DIFF 579 207156362692 1
DIFF 580 1 130586693636
DIFF 581 652292989172 1
DIFF 582 1 689371339416
DIFF 583 494752145573 1
DIFF 584 1 461247127903
DIFF 585 358060275017 1
DIFF 586 1 284148751194
DIFF 587 352036259434 1
DIFF 588 1 314461039348
DIFF 589 69293360168 1
DIFF 590 1 236244175440
DIFF 591 413464600839 1
DIFF 592 1 14059158964
DIFF 593 498160576343 1
DIFF 594 7 211829135791
DIFF 595 161810088189 1
DIFF 596 1 280036520537
DIFF 597 149973892600 1
DIFF 598 1 705139871877
DIFF 599 197890659766 1
DIFF 600 7 420145707612
DIFF 601 71589544538 7
DIFF 602 1 60662579342
DIFF 603 611132260810 1
DIFF 604 2 722893952508
DIFF 605 517114378311 1
DIFF 606 1 798604412020
DIFF 607 101586237559 1
DIFF 608 1 677317690462
DIFF 609 383359313086 1
DIFF 610 7 99975047225
DIFF 611 142077466745 1
DIFF 612 1 300006877057
DIFF 613 805811816645 1
DIFF 614 1 284141933829
DIFF 615 238345884000 1
DIFF 616 7 264388838339
DIFF 617 146786175028 1
DIFF 618 1 255171698552
DIFF 619 353855306373 1
DIFF 620 1 31523753303
DIFF 621 515524194680 7
DIFF 622 1 102807368347
DIFF 623 2189609621 1
DIFF 624 1 98895676896
DIFF 625 439931402675 7
DIFF 626 1 180684435272
DIFF 627 264560267250 1
DIFF 628 1 513679530724
DIFF 629 481042608764 1
DIFF 630 1 249979910688
DIFF 631 313844278621 1
DIFF 632 1 706532915652
DIFF 633 746962756019 1
DIFF 634 7 380667117641
DIFF 635 41564106845 7
DIFF 636 1 43209744110
DIFF 637 713333744375 1
DIFF 638 1 292008064560
DIFF 639 475244925198 1
DIFF 640 1 611147547103
DIFF 641 154869487826 1
DIFF 642 1 272468523092
DIFF 643 529746169610 1
DIFF 644 1 170654255031
DIFF 645 358829791021 1
DIFF 646 1 516273727151
DIFF 647 430791980011 1
DIFF 648 7 19699911164
DIFF 649 169391037293 7
DIFF 650 7 127522584901
DIFF 651 140799431350 7
DIFF 652 1 185307434744
DIFF 653 716672240805 1
DIFF 654 1 702302389900
DIFF 655 185076813909 1
DIFF 656 1 397257781429
DIFF 657 225745434370 1
DIFF 658 1 752225172969
DIFF 659 39721445654 1
DIFF 660 1 365115217050
DIFF 661 609883732391 1
DIFF 662 1 492694084326
DIFF 663 406980733415 1
DIFF 664 1 431183526397
DIFF 665 676294006696 1
DIFF 666 1 662967722014
DIFF 667 4917653482 1
DIFF 668 1 538253987632
DIFF 669 546315742804 1
DIFF 670 1 378402289506
DIFF 671 108408596345 1
DIFF 672 1 796976332566
DIFF 673 476777060244 1
DIFF 674 1 33739055139
DIFF 675 204743355146 7
DIFF 676 7 41582284029
DIFF 677 50327849094 1
DIFF 678 1 750923229110
DIFF 679 591803448878 1
DIFF 680 1 379591522745
DIFF 681 555789846236 7
DIFF 682 1 27685180779
DIFF 683 148307951585 1
DIFF 684 1 501076816426
DIFF 685 93916480476 7
DIFF 686 1 111646984920
DIFF 687 373359848402 1
DIFF 688 1 102471457233
DIFF 689 528423851685 1
DIFF 690 1 110911330501
DIFF 691 276809313452 1
DIFF 692 1 589158258163
DIFF 693 175341575377 1
DIFF 694 1 18210744019
DIFF 695 216171254519 1
DIFF 696 1 243373650698
DIFF 697 759167063965 1
DIFF 698 1 445637034957
DIFF 699 254045871691 1
DIFF 700 1 95162298204
DIFF 701 725295980646 1
DIFF 702 1 195964083541
DIFF 703 102328021854 1
DIFF 704 1 239872116699
DIFF 705 710044493898 1
DIFF 706 7 88318982056
DIFF 707 140055675334 1
DIFF 708 1 231584858307
DIFF 709 423422322135 1
DIFF 710 1 149753194222
DIFF 711 716956241354 7
DIFF 712 1 150050437996
DIFF 713 595721566285 1
DIFF 714 1 431653703961
DIFF 715 65580582002 1
DIFF 716 1 523483735798
DIFF 717 494455596881 1
DIFF 718 1 694871949867
DIFF 719 694040946807 7
DIFF 720 1 181462500985
DIFF 721 153865339860 1
DIFF 722 1 270820860197
DIFF 723 396311663502 1
DIFF 724 1 555368398750
DIFF 725 357841704897 1
DIFF 726 1 693869897979
DIFF 727 530863187479 1
DIFF 728 1 521287801697
DIFF 729 240573150010 1
DIFF 730 1 568826933385
DIFF 731 262354310558 1
DIFF 732 1 421702029955
DIFF 733 267297849695 1
DIFF 734 1 758239932063
DIFF 735 145087315500 1
DIFF 736 1 151544868499
DIFF 737 443782661800 7
DIFF 738 1 189417815249
DIFF 739 619860736082 1
DIFF 740 1 692112064895
DIFF 741 594699730373 1
DIFF 742 1 191576694955
DIFF 743 276979398474 1
DIFF 744 1 396266501864
DIFF 745 276622400919 7
DIFF 746 1 145640388689
DIFF 747 747395479445 1
DIFF 748 1 503410917109
DIFF 749 588105449761 1
DIFF 750 1 28285212378
DIFF 751 30784892532 1
DIFF 752 1 661997416483
DIFF 753 124645340171 1
DIFF 754 1 6988943930
DIFF 755 25562594671 1
DIFF 756 7 151869016771
DIFF 757 84918972916 1
DIFF 758 7 757981799522
DIFF 759 120012009247 7
DIFF 760 1 2768744708
DIFF 761 178954013793 1
DIFF 762 1 375042282323
DIFF 763 642341847187 1
DIFF 764 1 367057781335
DIFF 765 145810245502 7
DIFF 766 1 50960382667
DIFF 767 188975010487 1
DIFF 768 7 328589854503
DIFF 769 99602727267 7
DIFF 770 7 107295649455
DIFF 771 59220972285 1
DIFF 772 1 689636768013
DIFF 773 748513818627 7
DIFF 774 1 185639743084
DIFF 775 106822430022 1
DIFF 776 1 74801664247
DIFF 777 506435767684 1
DIFF 778 1 414011956189
DIFF 779 163405740570 1
DIFF 780 2 75495611748
DIFF 781 538594050171 1
DIFF 782 1 410951193946
DIFF 783 640356654115 1
DIFF 784 1 222767574373
DIFF 785 779148717839 1
DIFF 786 7 254830950320
DIFF 787 14342220965 1
DIFF 788 1 675447146465
DIFF 789 19095748451 1
DIFF 790 1 806008511013
DIFF 791 784772482486 1
DIFF 792 1 477895229641
DIFF 793 279182361770 1
DIFF 794 1 214574076182
DIFF 795 163672427343 1
DIFF 796 1 358532527235
DIFF 797 38575282150 7
DIFF 798 7 154824723037
DIFF 799 63296946280 1
DIFF 800 1 271516601636
DIFF 801 597481907682 1
DIFF 802 1 639396334066
DIFF 803 496261443439 1
DIFF 804 1 422917006498
DIFF 805 215668943506 1
DIFF 806 1 145695045431
DIFF 807 274330267080 1
DIFF 808 1 698492140794
DIFF 809 497820515748 1
DIFF 810 1 14321808716
DIFF 811 488581957077 1
DIFF 812 1 201942387835
DIFF 813 317829792489 1
DIFF 814 7 263042931477
DIFF 815 140864334797 7
DIFF 816 1 2582184564
DIFF 817 353030096741 1
DIFF 818 1 364957179691
DIFF 819 363540334770 1
DIFF 820 1 190056442539
DIFF 821 330240226188 1
DIFF 822 1 347911326198
DIFF 823 76486835909 1
DIFF 824 7 118187636410
DIFF 825 175560230394 1
DIFF 826 1 799494095359
DIFF 827 275699794392 1
DIFF 828 1 243001565487
DIFF 829 603364768392 1
DIFF 830 1 448177584655
DIFF 831 730733273460 2
DIFF 832 7 557112099381
DIFF 833 105549929990 1
DIFF 834 1 255587549082
DIFF 835 484407702388 1
DIFF 836 1 26609190086
DIFF 837 257732252144 7
DIFF 838 1 86380010105
DIFF 839 69616215581 1
DIFF 840 1 209111134539
DIFF 841 598691643056 1
DIFF 842 1 296152711873
DIFF 843 718358684529 1
DIFF 844 1 124519063290
DIFF 845 304875095947 1
DIFF 846 7 257286186825
DIFF 847 29627359612 1
DIFF 848 1 726615461565
DIFF 849 528256894350 1
DIFF 850 1 168818844398
DIFF 851 175646228987 1
DIFF 852 1 141718194897
DIFF 853 715001719581 1
DIFF 854 1 696459260229
DIFF 855 167351424740 1
DIFF 856 2 707924479618
DIFF 857 522575273337 7
DIFF 858 1 110800365083
DIFF 859 695248084824 1
DIFF 860 7 263436237505
DIFF 861 129295950316 7
DIFF 862 1 55460840640
DIFF 863 714049124456 1
DIFF 864 1 465128014161
DIFF 865 156669375220 1
DIFF 866 7 164939968184
DIFF 867 77693683491 1
DIFF 868 7 290022136955
DIFF 869 42922066304 1
DIFF 870 1 470946010262
DIFF 871 431907810214 1
DIFF 872 1 155207006812
DIFF 873 61004409174 1
DIFF 874 2 476250924165
DIFF 875 547092663807 1
DIFF 876 1 12471529168
DIFF 877 499045087508 1
DIFF 878 1 358437209188
DIFF 879 281664612049 1
DIFF 880 7 335482853468
DIFF 881 94499145854 1
DIFF 882 7 131662420227
DIFF 883 65376807530 1
DIFF 884 1 261277954395
DIFF 885 295545071732 7
DIFF 886 1 193485869695
DIFF 887 551120737080 1
DIFF 888 1 620873872917
DIFF 889 435305354725 1
DIFF 890 1 435408643725
DIFF 891 469890293542 7
DIFF 892 7 184641811584
DIFF 893 181833845275 1
DIFF 894 1 276076472697
DIFF 895 730906821432 1
DIFF 896 1 627157253629
DIFF 897 588964828167 1
DIFF 898 1 548326098821
DIFF 899 489695000711 7
DIFF 900 7 114403670300
DIFF 901 97585694648 7
DIFF 902 1 62916084153
DIFF 903 256675246363 7
DIFF 904 7 86789772082
DIFF 905 182988538022 1
DIFF 906 7 280337454799
DIFF 907 12349419351 1
DIFF 908 1 766220447895
DIFF 909 807941290858 1
DIFF 910 7 277489632859
DIFF 911 44100162784 1
DIFF 912 1 486897565477
DIFF 913 740185861000 1
DIFF 914 1 207224078272
DIFF 915 368702412440 1
DIFF 916 1 201666800541
DIFF 917 8488464347 1
DIFF 918 1 418543381221
DIFF 919 639255695315 1
DIFF 920 1 427327748329
DIFF 921 508404294702 1
DIFF 922 1 626582180117
DIFF 923 255016957682 1
DIFF 924 1 616506498287
DIFF 925 2331597802 7
DIFF 926 1 79670173501
DIFF 927 164200281670 1
DIFF 928 7 701485519552
DIFF 929 110098907854 1
DIFF 930 7 342103882445
DIFF 931 133227176171 1
DIFF 932 1 412516348719
DIFF 933 739631784856 1
DIFF 934 1 708060547426
DIFF 935 26822766285 1
DIFF 936 7 361441651551
DIFF 937 99627809420 1
DIFF 938 1 430026741258
DIFF 939 165494455241 1
DIFF 940 1 752379743903
DIFF 941 280408832451 1
DIFF 942 1 173258023924
DIFF 943 169929110680 1
DIFF 944 1 616633619604
DIFF 945 704318311160 1
DIFF 946 1 216524444388
DIFF 947 412411756684 1
DIFF 948 1 399064919217
DIFF 949 381397989087 7
DIFF 950 1 10194050808
DIFF 951 336784269210 1
DIFF 952 1 454935161570
DIFF 953 76507442407 1
DIFF 954 1 549093887238
DIFF 955 39767448604 7
DIFF 956 1 88274919571
DIFF 957 584990871539 1
DIFF 958 1 465362792058
DIFF 959 726312696775 2
DIFF 960 1 547148560801
DIFF 961 773227235563 7
DIFF 962 1 6189591292
DIFF 963 276836516233 7
DIFF 964 1 41223503553
DIFF 965 510610564942 7
DIFF 966 1 146084764914
DIFF 967 589850359623 7
DIFF 968 1 144429850483
DIFF 969 24442233203 1
DIFF 970 1 205037019302
DIFF 971 583738248187 1
DIFF 972 1 69710025567
DIFF 973 730180513790 1
DIFF 974 7 770970310648
DIFF 975 161694598245 1
DIFF 976 1 601513535614
DIFF 977 112933703727 1
DIFF 978 1 85119120105
DIFF 979 421434768594 7
DIFF 980 1 94662765168
DIFF 981 18089672654 7
DIFF 982 1 139854690491
DIFF 983 429542142372 1
DIFF 984 1 302130147618
DIFF 985 274644136378 1
DIFF 986 1 524308032179
DIFF 987 528846178202 1
DIFF 988 1 406709015684
DIFF 989 101164325663 7
DIFF 990 7 137316468928
DIFF 991 4629035639 7
DIFF 992 1 167651429051
DIFF 993 525764310931 1
DIFF 994 1 450619387685
DIFF 995 56857752781 1
DIFF 996 1 685326833707
DIFF 997 78176768410 1
DIFF 998 7 538978912636
DIFF 999 101125074178 1
