DIFF 272 565999170595 1 815805099739
DIFF 892 555138139931 1 804944069075
DIFF 1272 554923553181 1 804729482325
DIFF 1322 516886786205 1 766692715349
DIFF 2432 513208109793 1 763014038937
DIFF 4162 557112099381 1 806918028525
DIFF 4802 547148560801 1 796954489945
DIFF 5372 552803893249 1 802609822393
DIFF 5942 512589392171 1 762395321315
DIFF 6742 536639063203 1 786444992347
DIFF 7792 510590782395 1 760396711539
DIFF 8022 517114378311 1 766920307455
DIFF 8902 538594050171 1 788399979315
DIFF 9282 522575273337 1 772381202481
DIFF 9372 547092663807 1 796898592951
