99 0
99 36
99 37
99 37
99 41
99 70
99 70
99 72
99 72
99 72
99 72
99 72
99 89
99 89
99 89
99 89
99 89
99 89
99 89
99 89
99 89
99 94
99 94
99 94
98 97
98 97
98 97
98 97
98 97
98 97
98 97
98 97
98 97
98 97
98 97
98 97
98 97
98 97
98 97
98 97
98 97
98 97
98 97
98 97
98 97
98 97
98 97
98 97
98 97
98 97
98 97
98 98
98 98
98 98
98 98
98 98
95 98
95 98
95 98
95 98
95 98
95 98
95 98
95 98
95 98
95 98
95 98
95 98
95 98
95 98
95 98
95 98
95 98
95 98
95 98
95 98
84 99
84 99
84 99
84 99
84 99
84 99
84 99
84 99
84 99
