1793 1048331
2 261236
3 866718
4 822768
5 511478
6 707595
7 155452
8 286312
9 889119
10 1046236
11 77013
12 996717
13 851599
14 650566
15 884436
16 18577
17 723274
18 439713
19 912108
20 625009
21 292663
22 164848
23 887009
24 150863
25 55928
26 1024930
27 245211
28 811278
29 93449
30 409679
31 775510
32 368960
33 476301
34 117771
35 152043
36 74728
37 193221
38 718548
39 877463
40 164957
41 664834
42 752707
43 852791
44 836316
45 136568
46 407706
47 213765
48 37659
49 501846
50 743993
51 335047
52 201132
53 385589
54 691752
55 571221
56 1045735
57 175626
58 385727
59 728023
60 494148
61 118861
62 434165
63 736248
64 682869
65 226596
66 341465
67 606279
68 965547
69 147291
70 597606
71 303761
72 334547
73 100421
74 885228
75 549257
76 159034
77 555224
78 1041523
79 285637
80 959360
81 151138
82 390407
83 277669
84 636848
85 219541
86 42908
87 866516
88 679365
89 151907
90 863406
91 1012732
92 790483
93 754179
94 980302
95 957328
96 1588
97 351958
98 873141
99 185214
100 353049
101 619228
102 246143
103 798787
104 769538
105 332547
106 729841
107 94384
108 174122
109 162998
110 811315
111 287844
112 206319
113 1024815
114 716148
98 517966
116 375669
117 737700
118 101488
119 1006335
120 169036
121 675227
122 260002
123 469215
124 1035641
125 218822
126 471252
127 733591
128 288346
129 572645
130 888013
131 946051
132 434503
133 515105
134 362631
135 441330
136 508255
137 573611
138 102676
139 671126
140 801488
141 700449
142 112111
143 695125
144 457709
145 831176
146 578549
147 344519
148 100092
149 888636
150 65125
151 855659
152 768553
153 243331
154 778792
155 232923
156 951192
157 695988
158 505910
159 242703
101 800609
161 176416
162 842255
137 984662
164 638417
165 376785
166 739062
102 979344
168 628108
169 782548
170 162447
171 561876
172 883896
173 212087
174 450958
175 61492
176 921432
177 1039554
178 817805
179 662324
180 367687
181 207030
182 182527
183 896291
184 483875
185 965968
186 206089
187 58467
188 167898
189 594698
190 543745
191 869596
192 525398
193 979041
194 953899
195 1015361
138 392334
197 152163
198 631993
199 115019
200 369354
201 198454
202 766495
203 214955
204 392302
205 207161
206 567356
207 856143
208 426138
209 598032
210 4804
211 225983
212 139881
213 227472
9 980019
215 1039740
216 532302
166 819022
218 565428
219 110195
220 512878
221 286766
222 368563
223 593525
224 167995
225 162093
226 703426
227 148207
228 82383
229 519411
230 901518
231 672917
232 56552
233 244428
234 420839
235 329505
236 885013
237 312378
238 943122
239 403491
240 149089
92 596920
242 389191
243 827277
244 125138
245 433397
246 670492
247 952120
248 469107
249 505464
250 438350
251 480507
252 335836
229 452180
254 198257
255 211120
256 139296
257 727389
258 266936
259 994180
260 222346
261 843914
262 423897
263 118816
264 337159
265 900468
266 55540
267 313997
268 389640
269 277345
270 294146
271 739166
272 796907
273 266153
274 121415
275 885089
276 218125
277 377276
278 326852
279 906626
280 487797
281 304001
282 476938
283 1008058
284 376717
285 626363
286 793176
287 1004390
288 914420
289 869361
290 681932
291 95198
292 743728
293 91971
294 533355
295 144676
296 527025
297 58969
298 426668
299 617207
300 922179
301 335928
302 1004348
303 490757
304 124848
305 162197
306 83564
307 184914
308 335490
309 75982
310 882318
245 948694
312 331246
313 824489
314 599073
315 465634
316 975506
317 647979
318 202625
319 92650
320 817802
321 693657
322 49329
323 470562
324 5435
325 833066
326 128402
327 342718
328 800789
329 295602
330 503238
331 948490
332 226063
333 851108
334 645294
335 658770
336 701784
337 792339
338 514489
339 1004438
340 801703
341 691456
342 979435
343 512861
344 659786
345 994075
346 972228
347 924330
348 852214
349 522186
98 835608
351 628464
352 233608
353 394685
354 987067
355 640050
356 543467
357 914117
358 587089
359 596629
360 316762
361 37851
362 97953
363 27362
364 914300
365 840699
366 784623
367 480371
368 206902
216 952993
370 363687
371 763379
372 519884
373 657060
374 771938
375 411267
376 887137
377 1020342
378 679211
379 805304
380 860258
381 229281
382 607807
383 195393
384 1029842
385 505451
386 674572
387 609442
388 658449
38 806054
390 1016821
391 86992
392 803181
393 1016559
394 276608
395 49354
396 906176
397 1002354
398 111678
399 554259
400 688138
401 550926
402 649809
403 58621
404 256949
405 71936
406 1025756
407 711657
408 243163
409 883921
410 911717
411 1024267
412 755255
173 352704
414 315989
415 714279
416 818586
417 480835
418 378026
419 123891
420 852345
421 227233
422 753139
423 108700
424 183809
425 272386
426 701849
427 10524
428 701491
429 498566
430 771563
431 682359
432 581027
433 517989
434 631126
435 31865
436 736292
437 963458
438 506241
88 375986
440 74007
441 374069
442 229800
443 419044
444 953120
445 589631
446 263405
447 658352
448 690301
449 763716
450 40048
451 508141
379 882239
453 269870
454 841448
455 436605
456 523487
457 352117
458 910153
459 235615
460 968700
461 524523
462 625207
463 145570
464 715466
465 215009
466 625594
467 719738
468 648055
469 112983
470 865337
471 255600
472 158181
473 556337
474 648894
475 976626
476 556514
477 134128
478 122706
479 966024
480 837335
481 341424
482 356348
483 992436
484 158209
485 814041
486 91421
487 174284
488 211934
489 533507
490 766450
491 219039
492 630116
493 162534
494 506802
495 90045
30 777457
497 1012604
498 456775
499 547579
500 681028
501 883874
121 999483
503 502553
504 204681
505 799246
506 125684
309 1032580
508 276740
509 9499
510 90224
511 1000503
512 229131
149 909245
514 133174
515 514282
516 759268
517 550117
518 431303
519 669848
520 862543
521 825623
522 1022974
523 561710
115 1043647
525 956809
526 916179
527 395936
528 274383
529 495272
530 160197
531 886862
532 496266
533 695002
534 490484
535 969409
536 1035560
537 214510
311 989981
539 798722
540 210803
541 502517
542 167549
543 21899
544 366056
545 894163
546 267314
547 767919
548 456923
549 74857
550 862014
36 847733
552 115405
553 96773
554 946385
555 635636
556 905561
557 625420
558 309427
559 332441
560 49913
561 777940
562 655146
563 403071
564 992510
565 425197
566 929265
567 474097
279 690353
569 866997
570 494261
571 978839
572 366335
573 764003
574 1013511
575 426779
576 879066
577 308035
578 184898
579 740344
580 350795
581 560016
582 762779
583 916747
584 1043610
585 15602
586 235840
587 651400
588 240712
273 669197
590 349223
591 748036
592 454914
304 975791
594 601567
595 9657
596 337116
597 56859
598 671539
599 75226
600 404777
601 993146
602 1041879
466 1037151
604 609782
605 221631
606 365247
607 480177
608 748480
609 142074
610 759412
611 636274
612 629224
613 1020374
614 920176
615 843310
616 631821
617 1028672
618 436854
233 748894
620 966331
621 342480
622 891695
623 225828
624 191373
625 1002508
626 33308
627 519439
628 893962
629 439127
630 841919
631 411727
632 383308
633 159084
634 978204
635 35597
636 945239
637 162010
638 354644
639 994954
640 258614
641 161102
642 306034
643 944882
644 881680
645 53098
403 482211
647 996298
648 532039
649 573261
650 670639
650 1001661
652 990308
653 550365
654 646926
655 496140
656 667366
657 1006331
658 527998
659 694549
660 591933
661 822563
662 780770
663 264253
664 781712
665 317032
666 870346
667 719519
668 868090
669 802346
670 561668
258 723513
672 947991
673 835400
674 687295
444 626672
676 50944
677 1041517
678 661411
679 174983
680 630466
681 328453
682 506158
683 553188
684 858336
685 488250
686 452781
687 261868
688 830590
689 854017
81 617212
290 723084
515 964940
693 729226
694 719751
695 296941
205 990476
697 901566
698 303095
699 23944
700 294678
701 66061
702 184658
703 181644
704 765520
705 391574
706 754771
707 907177
12 368959
709 447030
710 938811
711 1024193
712 457368
713 647108
714 118928
715 930720
621 1007966
717 586598
718 179395
719 289025
720 980204
721 653618
722 932646
723 813830
724 123942
725 1029277
178 893280
597 1004211
728 1040308
729 263852
730 725018
731 393755
732 445433
733 211498
734 891038
735 664557
736 277004
737 79633
738 365806
739 878091
740 471519
741 696202
742 121537
743 831904
744 725045
745 974188
746 687800
747 450575
748 910105
336 258204
750 50377
644 989975
752 206419
753 423691
754 39108
755 757598
756 655109
757 96848
758 542510
759 66781
760 416848
761 890075
762 667984
763 1033607
764 656668
765 831131
766 709070
767 93221
768 72013
769 261341
770 470823
771 319760
772 530203
162 945922
774 524738
775 742956
776 187600
503 905250
778 920261
779 12196
780 836052
781 340033
373 196078
783 22959
784 900516
785 832911
786 991395
787 1010453
788 293632
789 74667
790 904535
791 203517
792 1013732
793 58621
794 832467
795 160617
796 564179
542 773868
798 945527
799 530292
800 1013927
801 245417
802 783747
803 841707
804 644072
805 606198
806 801997
807 959581
598 895017
809 772560
810 620828
811 750607
812 982945
813 834569
814 696733
572 646338
816 922392
817 1029326
818 45232
819 480504
820 203464
821 565905
822 392455
823 952917
824 995941
825 527686
826 153000
827 580324
828 554912
829 505617
830 517999
831 374438
832 367452
496 684512
496 933640
835 769269
836 1035945
837 207002
838 967126
151 989273
840 750612
731 303083
842 141588
843 729129
844 32425
845 215163
846 640756
847 364628
848 365601
500 647459
850 433366
851 966237
852 701029
672 1046460
854 767729
433 801917
856 323302
857 283721
858 943853
859 387418
860 501061
552 299996
837 1032890
268 969886
864 245064
865 245667
866 591726
867 294774
868 701756
869 655091
870 411462
871 986092
763 856297
873 332745
874 759388
378 1042897
876 673721
877 288637
878 250284
879 752696
880 389114
881 769401
882 52970
883 346569
884 850701
885 835155
886 379030
887 783799
145 330201
889 580927
890 308465
891 572429
892 217450
893 972529
894 3694
895 846149
896 414398
897 709576
642 880044
899 607906
900 54322
21 935056
157 521550
903 817595
904 895543
905 698043
906 686297
907 988486
908 273484
208 749765
910 3290
911 671448
912 267855
532 627157
914 363906
915 979863
916 882561
917 260286
918 458324
919 601313
920 733836
921 987023
922 516127
923 424161
441 918931
925 456215
752 583546
927 627494
928 1038993
929 615299
930 751830
931 176333
932 633387
933 875394
934 540031
935 353705
936 10740
937 985316
648 420374
939 234427
940 414891
941 634278
942 806905
943 993476
944 960767
945 795560
946 950327
947 966722
948 776515
949 263993
950 749491
951 835687
952 670178
439 844765
954 205256
955 656062
956 524908
957 482139
958 840692
959 586046
960 485549
961 980702
962 787096
963 988093
964 965732
142 675509
966 1016926
967 812757
968 823848
969 282974
970 698540
492 924646
972 467377
973 315597
775 452140
975 367354
113 1001051
977 46012
978 887208
979 272954
448 648001
981 1018669
982 725128
983 940733
984 546286
985 1033922
986 975825
987 304163
988 138101
989 685375
990 131307
590 1017807
992 420601
993 811262
994 786367
995 255289
996 769983
997 520298
998 1039354
861 853098
1000 757711
1001 541762
1002 707006
1003 309669
1004 739646
1005 502720
534 479742
155 735784
1008 790896
1009 404077
1010 903507
1011 29115
1012 146291
1013 771924
451 410460
1015 796105
817 1019243
1017 72699
1018 925475
1019 356968
681 973504
1021 127842
265 754442
1023 427273
1024 368929
1025 702108
1026 218324
1027 148828
390 347867
1029 551048
1030 674466
1031 872397
1032 1017018
1033 987071
1034 798338
1035 715209
1036 703080
1037 1015958
1038 266258
1039 825576
1040 530325
1041 71141
1042 433203
386 398361
1044 730310
1045 423416
1046 53267
599 657750
1048 545287
1049 99778
199 785665
1051 713267
1052 61459
1053 890379
1054 416643
516 1041780
1056 633660
1057 361820
1058 262559
1059 150379
1060 305920
1061 476954
1062 897670
1063 489268
1064 965293
1065 906678
1066 999607
789 554055
1068 974681
1069 983888
1070 616928
1071 940212
1072 152683
1073 585814
1074 51660
249 815814
1076 617612
1077 985591
1078 323094
1079 569956
1080 241062
541 905511
1082 265145
1083 51456
1084 316600
694 923061
1086 705419
778 489251
1088 869317
1089 872797
1090 913444
1091 100819
1092 420506
1093 688478
1094 685140
1095 146272
1096 788405
1097 1017773
1098 988230
1099 232651
84 1012590
1101 442460
1102 305736
940 739812
1104 197447
1105 192265
1106 1000702
1107 851119
93 975828
1109 650776
1110 689737
1111 866233
1112 693686
461 1014603
1114 262791
278 715647
1116 648217
1117 356189
1118 258047
1119 792324
1120 68154
1121 320691
1122 303411
1123 668486
1124 178349
1125 434477
1126 592526
956 620927
1128 860781
1129 420554
1130 482507
1131 695048
1132 728901
1133 868647
1134 440648
1004 1048345
1136 11860
1137 618374
1138 296113
532 833849
1140 993252
1141 870590
1142 333603
1143 818713
1144 245108
1145 863092
661 733601
1147 51820
1148 589717
1149 602358
1150 884987
1151 167846
781 1018426
1153 239012
1137 788951
1155 432041
1156 560492
1120 791100
1158 627072
68 961748
1160 984424
907 1007432
1162 554529
1163 829576
1164 948845
1165 503144
1166 864473
1114 625396
1168 737843
39 799595
1170 130579
1171 807119
478 420348
1173 1009378
1174 875986
1175 693971
1176 561490
1177 291914
1178 479483
1179 928167
1180 364989
1181 471946
1182 930740
1183 834827
1184 386058
1185 1029659
1186 997269
1187 210225
1188 988899
248 870876
1190 934415
1191 716043
562 925239
1193 603164
1194 851248
970 654086
9 954612
1197 939888
1198 156096
1199 1020530
1200 65192
1201 1000488
1202 352269
1203 49643
1204 206970
1144 825227
1206 862201
1207 541663
1208 105169
1209 370663
1210 665544
90 978809
1212 671135
1213 736209
1214 396551
1215 577310
795 931240
1217 891385
1218 621641
1219 967095
1220 249826
1130 761421
1222 797563
658 833543
1224 264023
48 988281
1226 413517
1227 837531
1228 221686
1229 381712
1230 357715
1231 503716
1232 275050
1233 669251
1234 580768
1235 553984
1236 471657
891 878790
273 653620
1239 686025
1240 747059
77 583432
1242 132645
1243 218868
1244 1002904
1245 92225
1246 881906
822 986715
1248 807059
1249 919827
1250 769430
1251 888005
1252 416359
1052 979598
6 954230
1255 457388
1256 442048
1257 677894
1258 654470
1030 561947
1150 983546
1261 998638
1177 681469
1167 786582
521 930731
1265 961683
1266 527551
1267 414456
1268 166737
121 946324
1270 188079
1271 884816
1272 809500
1273 477771
1274 87725
722 613816
1276 719243
1277 649341
1278 468048
1279 32474
308 505331
1281 944219
860 904420
1283 545548
499 705794
1027 934042
1286 1040629
373 936075
1288 261545
1212 722113
836 1041655
906 974795
136 259582
1293 939640
1294 675891
1295 430513
1296 544587
716 832251
1298 157085
1299 832297
1300 43062
1301 863681
1302 278971
1303 207803
1304 613885
229 930635
1306 831911
412 1028151
1308 404106
1309 294531
64 610630
1311 720365
1312 424197
1312 434886
1314 340935
1315 401464
1316 863109
1317 71940
1318 845406
910 424422
1320 625864
1321 796339
1322 855818
1092 903092
1324 703766
77 738022
1326 266846
1327 938522
1328 726506
1329 623557
1330 905380
1331 671347
1332 1014672
1333 1036600
873 818572
1335 966106
514 715347
1337 960993
131 1006950
1339 728449
1340 584430
1341 813384
1193 273795
1343 1041790
891 735884
272 446519
1346 196545
1347 847260
1348 792790
989 833485
1350 373789
1351 1031139
982 408364
1353 209943
1354 540848
1264 777532
1356 739496
1357 380678
1329 896243
1359 285407
722 938545
1361 207730
1362 858053
1363 1041518
1364 809284
1365 224137
1366 195801
1367 1024662
1368 588235
1369 884885
1370 726055
929 946952
251 867914
1373 404763
727 763656
1375 423388
1376 382361
1377 303760
1378 215387
200 967328
1380 110975
1381 514769
574 526486
232 340750
1384 191531
724 806493
1386 213467
1387 789355
1388 417718
1389 585987
1104 762271
1391 718559
1392 1015071
1393 551710
311 843704
1395 428716
1396 1038381
1397 974327
1398 93132
592 358941
1400 210821
593 981741
1059 823115
1403 972456
1404 335214
1405 797687
1406 906882
912 372965
1408 424787
1409 700821
1410 860181
1411 613779
1412 340933
1413 264770
1414 937896
931 895980
1416 88745
882 749183
247 793863
1419 1008252
1420 753324
610 782220
1422 947996
1423 820141
1231 1017416
1425 687254
1426 788730
1427 361651
1428 765619
1429 580546
1430 349855
1431 1020907
1432 695164
1433 646162
1434 694735
1435 997951
1210 503825
1437 308770
1438 426313
355 887086
1440 602188
207 907612
1442 71943
1443 997718
1444 686238
1445 616550
1446 473556
1447 37290
1448 659754
1449 847558
131 222673
229 901194
1452 606710
1453 172292
293 802589
1455 964914
1456 1028422
1364 1002853
1458 304577
874 665441
784 788585
1461 862076
1462 930359
238 1022801
1119 1002116
59 1016774
1466 703366
843 48407
374 1011332
1469 279040
1470 661702
1471 927944
1277 939862
799 743789
1474 867852
1475 295391
1476 930865
1477 511940
1478 354773
1479 708135
1061 529981
1481 686197
1482 101916
1483 402898
788 253229
1485 224440
1486 433664
1487 803619
1488 532681
1489 969532
1109 431838
1159 976905
1492 217368
1312 979179
1494 477266
1202 534903
1496 385218
1497 863747
1498 553885
1124 1028665
1500 405235
254 780667
1502 645922
1503 433948
1504 501169
1505 92227
1506 609808
1507 967873
1508 506656
1509 998096
1510 53851
274 947026
1512 93543
1513 723098
1514 950537
34 344344
219 1007287
988 870655
1518 977426
327 904427
1520 27487
1521 209141
1522 852084
1523 947720
151 1003024
1525 336896
1526 720171
239 804426
1213 702351
1529 989611
1530 312126
1073 902666
1532 858293
455 578153
1534 123046
1535 696295
1536 175646
1537 1031739
1538 218807
1539 158110
1540 939072
1541 807173
1542 175319
1543 774840
547 232420
1545 184101
1546 277834
1547 557019
599 570783
1549 531171
942 863035
1462 619359
966 567621
307 926666
1554 241510
1555 861919
1556 917830
1557 797927
1558 710449
328 593439
1560 362052
59 1043929
1562 439544
1563 536419
1564 806127
659 866605
1160 1037172
1049 350376
1568 977450
1569 843719
1570 938223
395 330870
281 372966
954 953757
1574 706922
221 331047
1576 708780
1577 298076
130 966212
1579 743001
1580 753839
873 1032068
1582 321775
1583 934474
1584 984309
1300 475297
119 978971
1587 1014882
1588 91948
93 807014
1590 935017
1591 750869
435 726882
1524 919404
1594 61573
1053 825548
1596 476040
1597 219719
1598 838111
743 467680
1600 1022436
1601 885477
1602 673207
1603 429213
1604 24636
1605 757242
1606 386887
400 913156
531 707488
1609 730634
436 712259
1430 1046934
1612 1033479
1613 538066
1614 245816
1615 85273
1616 47346
85 1038901
1618 570253
1554 442699
1620 149705
1621 124641
1622 809563
1623 28705
1624 519572
414 901872
1626 629704
1627 921428
690 654790
1629 880293
1041 806860
1540 318169
1309 925602
1633 874305
1634 581278
1574 873018
1636 321817
348 763217
1638 535880
1079 1042492
1640 151415
1641 854829
1642 560651
1460 988275
1299 543381
1645 493819
1646 1017654
1647 232483
1648 193452
1649 790656
1027 415576
1651 1041670
667 814750
1245 873022
1654 562150
391 663229
1656 312601
1657 779680
764 536639
145 382270
1660 353004
1661 1005817
1662 247215
1439 1012772
1664 834471
1665 706106
1493 643704
1598 496986
1668 309598
1633 995544
1670 311406
1582 754291
1672 1039673
856 488414
1674 529671
1675 51937
1676 174653
1677 150308
1678 572815
1679 994203
1680 216619
1518 821328
147 980402
1683 317708
1684 354530
1685 270322
1686 480742
1261 736010
1688 973268
1689 150008
1675 949746
1285 981837
1692 679684
1693 1032929
1694 781115
1695 58224
1696 619559
1697 587166
1698 698881
1699 530243
272 953795
1216 1017402
123 1023101
139 929239
1704 777456
943 930730
1706 463399
893 865468
1708 917105
1488 866074
1710 75022
1555 1014778
188 162215
1713 988925
1714 274335
1514 937256
1482 922605
774 766887
558 956308
489 925238
1720 196083
1721 629825
1722 496016
1723 25428
677 823729
1127 1042896
274 1044797
1727 892834
1728 993721
1729 113817
1730 944514
1731 892101
1732 224136
1601 711434
485 690029
1735 834428
1736 734513
1737 657304
576 852652
1739 730235
1740 88839
1372 699530
1742 581182
198 1004080
1744 835157
1745 913798
1746 4337
1747 625516
1748 740782
1749 844694
1441 466543
605 1037169
1752 89469
1753 284866
27 885818
1634 1007691
1756 789762
874 990975
1758 311962
1759 244811
1760 945901
744 977091
953 873678
1763 1034799
1165 951316
1765 499639
1766 679111
498 284574
1768 550800
1769 715514
1770 635619
1145 793060
1436 420649
1773 993597
981 917101
1775 520736
1776 95239
63 692383
716 982945
1779 376526
935 772466
1781 947208
1370 997734
185 1007810
1784 424309
1785 444898
1408 571229
130 900790
1788 854907
487 850091
663 977043
1791 571192
1792 900455
1793 990230
1794 55933
126 875918
1251 758577
687 945233
1798 500412
706 579699
1800 751058
728 838696
1802 415046
870 901316
1804 846734
1805 902363
1806 545851
51 774057
1808 234349
1452 980448
1810 961950
1009 1041966
1812 210249
1813 991370
1814 924098
397 960224
1816 248848
1817 118476
756 681246
919 975574
1820 197200
1821 59427
1822 711786
1823 1020334
303 846150
1825 83074
1202 796619
1827 376077
1828 871466
236 1036972
1830 566035
1053 892579
1832 205318
1833 297288
546 952868
642 916443
95 1031760
1837 687801
1838 211720
1839 1020554
721 847711
1603 1021689
1842 514376
1433 763815
1844 519459
1845 683951
1846 867313
1847 989196
11 352919
1849 869923
1850 214624
565 904297
1852 879088
1073 605911
1854 434456
1304 802727
1856 625164
1857 1908
1858 27645
1859 198072
740 560186
1861 845514
425 944590
1000 885183
1864 392926
810 738970
1866 721981
1867 550928
1868 363963
657 624888
1870 738869
1871 955217
1872 277797
399 999322
1874 812248
1399 404972
1876 873242
182 964401
1878 792649
422 821675
1880 396817
1881 552297
1166 821416
393 997176
1884 938914
1885 1017492
1658 974281
1887 893341
201 973833
1889 930839
999 811402
1891 699270
1892 395471
1758 657260
212 829413
315 698476
1867 992106
1133 798250
1898 793940
1899 466216
1900 335223
1901 669536
1002 543987
1903 479372
885 720631
1905 332431
1906 591499
1390 926420
1908 696238
1504 228766
1910 974282
1911 994302
1912 925652
1913 847699
1914 900133
1915 553576
107 1035534
971 917085
1918 399089
1919 373472
1920 127835
882 956460
1922 379559
1923 79968
1924 43050
1069 1013305
1926 907788
1927 466341
335 762984
823 902628
1930 477757
1931 788739
1932 226394
1179 946885
1934 917847
1935 475789
1936 128984
1937 884998
1938 245907
1939 214025
1706 999450
26 216767
1942 253596
550 379572
1944 812702
1898 973364
1946 845375
1947 963746
1948 358631
1949 899636
1950 534485
1951 631064
1952 100474
1953 917293
1954 664930
1794 924321
1956 294153
1074 832129
1958 1022024
1959 307970
1960 712237
1170 1007930
1665 300594
816 834287
1964 59723
1965 580005
1966 396242
1355 768291
1968 872134
1163 718255
1970 744123
1971 900516
1972 265654
1973 561378
1974 970670
1975 115657
1976 958126
1977 1041542
1978 146487
1891 922900
1143 737815
1981 229964
1982 310918
1983 1040518
1984 883576
347 924730
206 922175
1987 826751
1988 675019
1989 1003830
1990 127067
364 929538
1412 623178
1993 434212
1994 974970
536 642316
1996 312923
1642 879654
1998 1044896
1999 91976
174 910687
2001 994312
916 917930
2003 696093
377 136023
377 470918
905 979136
2007 183375
1088 808640
2009 976078
195 558457
1817 940959
2012 502109
747 954309
1885 668311
1723 989118
1763 782402
562 1017827
511 899321
2019 1018040
2020 149530
2021 947610
2022 174926
1453 976571
1486 954300
1971 1011003
2026 261002
2027 940656
2028 127325
2029 978715
208 741543
369 986140
2032 201948
1680 890755
1538 895523
1322 200943
2036 746406
2037 896356
1311 730952
2039 771161
2040 921402
1951 929040
2042 876743
2043 987571
2044 957627
51 773083
2046 971133
1785 913029
357 697641
1973 962469
2050 985594
1699 986171
2052 996237
2053 865425
2054 830127
1614 701482
725 697864
2057 227331
1972 886837
277 968224
1795 558745
2061 959995
1034 327363
2063 597376
2064 799077
2065 662526
1599 850770
2067 699156
2068 776863
2069 835446
2070 920789
1099 861758
76 989135
1419 357678
2074 662530
368 1007225
2076 691967
2077 715170
2078 392099
2079 274135
37 699361
1265 973600
1281 796188
2083 973792
2007 1018534
2085 171393
2086 828176
626 673691
2088 1040782
2089 989398
2090 925325
1973 712330
2092 720815
606 661811
2094 792264
2095 556814
2096 925684
122 1047876
1567 806385
1228 826649
1356 996319
2101 1005813
686 857348
2103 864548
2104 639782
1690 1005886
2106 1045109
589 955141
2108 553208
203 654115
2110 718691
2111 650337
2112 40991
2113 901124
2114 1013264
2115 674039
1209 1035812
1842 742950
2118 344064
1560 971928
118 921066
2121 443097
2122 963325
187 985815
2124 120431
96 978798
301 659008
1982 915980
2089 883805
2129 888533
2130 604293
716 968629
2132 289376
2133 225439
2134 991354
2098 814639
2136 780380
2137 647069
631 928825
2139 1032917
442 378070
751 1007374
471 973704
215 991842
1270 771425
2145 588993
591 1016055
407 933252
2148 537199
2149 868510
1543 949462
2151 967908
2152 824644
808 1036979
2044 631815
2155 967286
1331 992084
2157 819954
2158 962258
2159 36136
66 619923
1974 301397
2162 888868
1840 973337
2164 755359
2165 79066
1425 966691
2167 818424
1184 889935
2169 1021459
2170 194202
19 1037213
2172 345369
2173 745787
727 1018979
2175 46269
1176 895428
868 972703
2178 841325
2179 879540
2180 348389
1416 971027
2182 199056
1041 1020061
2109 1016786
1376 1040021
2186 626267
2187 333813
508 302328
600 834129
2190 450406
1926 592636
2192 1000071
2193 697344
2194 944002
1661 576056
2196 1022141
54 1014053
2198 647026
885 1039509
2200 424884
652 1027675
580 993936
1602 896431
222 417727
1010 991532
1235 726849
1333 1016895
2208 329732
2209 717034
682 938177
1090 1018032
595 1013685
2213 945801
1158 958705
2215 577192
1232 1022487
391 960888
815 1041024
624 1032915
423 1016837
2221 523308
54 848085
1369 1003230
1929 1025679
1498 801759
1420 937552
1820 605849
2228 650759
2229 803293
259 926976
1351 868447
2232 586280
2233 698603
2234 344148
624 1006153
1326 949252
2237 695281
2238 961231
103 919139
1041 704378
387 1021856
703 970187
612 1012800
2244 664164
2245 402687
2246 672198
55 1036729
2248 1025661
2109 888379
2250 175514
2251 360132
1661 939656
793 966283
2254 101380
1891 1009506
2256 813989
40 815001
1918 962368
1683 1032323
2260 974585
2261 1031431
2262 469633
2043 854386
172 779137
2265 990713
1021 935848
1251 1006523
2268 258129
2269 887489
1310 1032651
2271 1013742
2272 786659
2070 898301
977 964415
2275 301776
1011 779399
1342 1032944
2278 886757
2279 778477
34 1035982
2281 438633
1931 878852
14 1031127
1481 1045211
2285 896376
677 758281
1478 1017920
527 814643
2289 967438
1992 1041138
223 936018
1670 919794
2115 1034030
2294 943594
224 1021491
813 690035
663 944015
627 1011497
2262 982444
1474 886521
2301 775721
2302 498220
128 1029567
831 753249
2305 781530
570 883589
2287 736641
1365 943728
804 1037263
1521 1014355
2311 901762
1941 1019727
2250 425038
2314 966063
247 937587
2316 935435
2317 854733
2318 62405
702 772051
2320 902282
2321 603296
2322 301232
2323 1012680
2324 840112
2325 948977
1423 1045883
2327 806771
2328 628751
2329 597557
2026 953242
2331 753622
344 904918
1875 816691
1768 680171
2032 940465
2083 972585
195 941654
354 610800
2132 347166
2340 847891
1389 971768
1575 992008
865 1003656
2080 999260
1951 1007647
1898 876276
340 1024950
2348 967711
2349 825964
146 917143
2351 956148
1867 1047568
388 702736
825 830337
501 1014926
893 947638
2357 1014130
42 1023474
531 1018655
2360 926456
2142 1019802
2362 876121
2194 1040454
2364 971909
930 788272
859 996282
1956 691256
949 692965
277 694173
1040 881925
24 868249
2372 882232
96 1006740
2374 731501
2375 385917
2376 776326
488 1033575
2378 925506
1073 1033293
2380 198887
1729 1016372
2066 894290
2078 924163
2384 694687
2385 334711
2205 1012345
2248 1034679
1827 933334
386 930402
2390 970095
2039 1029490
970 826294
806 770370
2394 977370
2118 997594
363 990014
542 810580
2398 615766
808 966001
786 519145
2401 915439
2402 609915
84 947430
638 962852
2405 1037962
2247 956759
681 975603
1934 1006912
2409 607005
2410 978333
2411 989411
870 975931
2413 936118
2414 990595
2415 1046799
2416 1046506
2180 903799
594 466544
790 1040490
1319 486937
70 1035068
882 1010026
561 862448
2424 424095
2425 1033625
2369 982298
2427 1003554
2428 515509
824 1024638
1540 1006650
323 1005955
1098 1034199
2433 1045248
2434 1023666
2435 790769
995 895641
1782 768129
105 965368
560 998603
1129 604199
2441 178716
2442 1035044
1036 136749
2444 488963
1970 307291
1626 860536
2372 1048055
1249 966511
1266 1027461
63 1044442
2116 666284
786 1034743
214 944046
2454 820124
2006 855598
199 983962
2380 1033846
2458 959540
2459 600138
2460 798913
740 920126
1982 1008427
357 551311
1343 742198
1624 987470
465 1046712
1696 908884
2468 64545
1466 901437
2470 871225
484 904702
2009 800079
96 937011
2474 587052
250 1038603
303 987718
1412 878012
1984 1009522
617 978940
1636 782561
320 979672
1323 1044285
878 977891
1090 1031310
2485 972255
284 1018098
2487 96189
966 1034632
2162 1037464
2490 453895
1986 1044927
2492 479893
976 1015724
658 1004711
2495 502633
2496 954469
2497 951181
1877 910472
2354 989351
1507 1001979
2452 1009651
1527 1037014
1324 907905
1488 1006121
2505 393481
2506 936373
163 991837
2508 1016666
2129 1012519
1161 1024759
2258 935041
616 813124
1172 949558
833 997281
2008 1006998
475 752329
1372 1028032
1003 906952
710 1040424
2520 455689
2308 1027766
1246 927612
693 826266
2524 1027545
117 1024366
1325 987810
2527 953687
2528 965625
815 973473
1454 901803
1125 1032370
2532 235114
2533 464940
937 971925
856 1019413
1567 818834
1789 1032673
2538 508376
1872 1019759
268 912624
2541 436297
980 1025508
2532 939835
2201 838607
1298 888477
2546 161837
876 939114
2340 974892
375 1021436
2356 1039697
1646 921531
1961 1042073
1064 696914
1315 1048101
2410 964660
653 1002848
1153 1016638
664 677893
2559 174156
767 988507
749 1044757
2562 229504
2511 1043633
2564 973818
2565 916245
1142 1014753
1664 1026658
1972 976349
672 992438
79 945620
1995 1018570
847 904639
462 982390
458 1026658
2575 950065
2395 978052
1500 955504
2578 926795
433 1034250
2580 648545
2581 802480
1824 768725
1791 1019131
915 792827
1118 1017949
1274 907477
2587 852146
2492 998812
982 1036083
2590 884497
2500 805946
145 1033669
2247 973781
2182 1029458
2595 934887
2116 980234
366 991589
815 965438
1154 1045701
849 639283
2601 844552
2602 947546
1407 930714
675 961721
31 514967
2606 668651
995 1046675
37 937598
605 1017655
2447 823237
2460 785627
494 1047582
6 1021100
2614 910701
1886 1035615
1865 871029
2180 1024939
1738 991367
2619 336484
2620 756253
2120 963140
2229 739076
1314 998436
410 1003801
1212 995885
2462 1027341
2627 992603
71 329550
2285 815472
218 1028992
1879 937651
1703 1024037
2633 124808
2634 471710
1150 956093
89 393964
2637 912290
812 1041320
1050 1007848
2510 997752
422 1014312
2642 803734
810 992733
2644 983736
1396 944049
2646 974175
1439 1023534
2374 999406
1409 1039272
2650 931178
378 1006058
1487 1009304
1588 1008005
1465 906088
1268 1034691
2656 607604
2657 879504
620 942699
1520 998264
800 1047866
2232 1021262
1172 472839
558 903841
757 866521
2665 1018765
247 1030784
132 952813
2362 1036617
2627 1040447
539 1023517
2318 1022007
2597 1034239
2673 661262
325 1037685
2350 1030968
2676 783766
2069 903237
85 1002951
1487 801649
2680 1021732
2389 1013911
2682 1036147
2360 846918
518 1046621
2468 862879
2174 1032945
454 1030471
241 1010042
2294 951404
2365 784368
391 896041
1549 860121
782 1036461
2694 948285
2477 1047398
2696 933449
986 769126
1264 1024711
2522 1041186
2541 876773
2135 1012570
560 977129
2491 1036455
760 573845
949 821824
1936 1007092
1581 1036202
4 1012397
1299 1035840
2700 1019153
960 961960
2712 639693
1199 854136
379 1046807
2686 1035364
1072 1047522
63 1047536
1336 922504
2719 801634
638 1033589
159 920249
1196 951030
522 1038185
621 1044554
1710 667415
198 864181
1283 1014209
2728 792736
928 1047751
2730 898544
2447 931329
150 1029506
1537 1019262
1679 999549
2122 985855
1637 1035175
1903 1041371
1709 1004580
944 1041515
2740 588308
1743 1043511
2077 937444
2743 476414
2554 1028563
2697 1042652
623 649985
616 857860
2748 915745
460 1045716
1685 1036950
639 944890
1395 330717
2141 1047245
2754 366114
9 1036498
1185 1037881
1237 1046367
15 979767
526 1048023
517 952445
788 990521
2762 804216
2496 1003674
2747 986082
133 1036474
1256 742676
380 1038950
1206 1037172
994 953736
2770 500276
1932 1045772
469 953044
1099 1025060
52 1021389
1698 704105
138 1019337
615 1041411
1057 904985
2778 1035679
2338 1016495
2591 1041900
374 881574
2188 1044935
2784 943548
2272 1020708
2471 1042319
2773 1035915
1114 960714
2114 1012468
1671 1034725
1847 1021264
2792 675796
1278 993706
2006 1017483
2458 1027891
1766 947480
2334 1048544
1613 1009873
958 1020838
2516 1042783
374 935297
1804 1011072
1619 1040534
219 1036879
2805 399352
2806 50351
1382 1046599
2808 588067
2809 1038824
462 886507
162 1003096
2669 1019147
638 1041981
2814 949175
2815 980648
1843 742821
1009 1041460
51 997415
2819 1043589
1136 891935
1250 1042405
2750 998091
670 1038580
990 1045379
1019 984547
805 789456
2122 1042670
1455 1047171
1172 1009122
467 1034263
2590 879856
2601 950083
949 808510
1579 1018288
1643 1026468
2836 859711
2545 972820
507 971831
609 1003133
1318 1039115
375 1034478
1728 1030610
1854 1046071
698 1000756
2234 1043289
2843 1041452
1313 1046821
2480 1044578
2150 1033883
2054 1005315
1579 1022784
2258 1042494
2853 1046041
297 1038554
2209 1045452
249 1041214
111 1018100
1939 1048316
1523 1026277
903 701599
2861 662343
2719 993996
1952 1046466
2635 1047892
97 972172
2473 1047871
857 1041295
647 1044655
2004 1042908
1977 1035462
1052 1039908
553 1017367
1637 1048372
46 1041705
649 996552
258 1021593
200 1047604
2667 1033033
2713 1048388
1149 1041821
246 1041576
530 1048102
1968 1047521
545 1048546
150 1047654
556 1047375
942 1046946
547 1048278
2272 1046611
2832 1020018
