38495
38495
100
28356
4093
38495
100
30045
23244
38495
100
100
29778
100
17575
99
31771
38495
100
34666
38495
100
100
38495
38495
18487
100
69
100
6739
100
100
100
100
100
38495
22748
38495
100
38495
38495
100
100
38495
38495
38495
100
38495
34740
76
38495
100
100
100
100
100
99
38495
15369
38495
100
100
96
38495
38495
100
100
99
100
38495
100
100
100
100
38495
38495
38495
100
99
100
14271
100
100
8925
22024
38495
100
38495
32429
97
100
17037
38495
22406
38495
38495
38495
99
97
36158
99
100
38495
38495
100
100
97
33828
100
97
100
100
100
100
563
38495
97
100
38495
100
32504
100
11307
38495
100
38495
100
1888
38495
96
100
38495
100
100
38
26902
30194
38495
100
38495
100
96
97
97
38495
34444
98
100
23950
100
38495
100
25668
100
38495
38495
38495
100
30194
24440
100
100
11754
100
34861
38495
15580
100
18181
29565
38495
28610
100
99
100
93
100
100
38495
38495
38495
100
100
100
100
38131
100
18397
100
100
5108
38495
15369
21766
38495
38495
100
99
99
38495
38495
38495
38495
97
38495
100
100
100
25570
100
38495
38495
100
38495
38495
32376
100
38495
99
100
100
98
100
100
36124
100
18802
99
38495
38495
100
1888
100
100
100
100
38495
99
100
38495
38495
100
38495
6563
100
38495
100
38028
38495
8634
100
38495
100
100
100
100
98
38495
38495
38495
13340
100
38495
28150
38495
38495
14379
100
100
38495
38495
100
100
38495
99
18118
100
100
27564
30194
100
38495
100
38495
96
38495
8826
100
38495
100
2
34785
100
10868
38495
99
38495
100
38495
38495
100
38495
38495
100
38495
99
38495
100
100
100
38495
13006
38495
100
38495
97
100
100
100
38495
99
38495
100
29448
84
100
99
38495
5879
29565
38495
99
100
38495
38495
99
38495
100
100
100
100
38495
99
35137
97
38495
7424
38495
31087
99
32429
12059
99
100
21371
38495
19853
27564
100
35597
38495
38495
38495
100
18005
38495
99
38495
38495
100
38495
100
98
32798
100
38495
32429
38495
25573
100
99
97
38495
99
100
38495
38495
100
8134
38495
38495
38495
38495
99
38495
36379
38495
38495
38495
100
100
35597
100
100
100
38495
100
100
38495
38495
38495
100
100
100
38495
38495
99
100
8522
100
23705
100
100
37789
38495
7672
38495
99
10954
38495
33224
21861
100
21501
34335
99
34279
38495
100
26040
100
100
100
100
38495
100
100
100
38495
100
25370
38495
773
85
25191
11540
8134
99
38495
100
100
100
100
100
38292
100
38495
38495
30194
19154
99
55
100
100
100
38495
99
615
97
37711
38495
100
32152
1
38495
100
100
100
100
15285
35963
5354
100
100
38495
6322
37088
34102
5354
100
10012
9908
99
30048
24539
8826
100
38495
28855
38495
100
38495
100
18545
26038
100
100
11700
33720
38495
38495
38495
100
26165
38495
38495
38495
31189
38495
100
28570
97
38495
100
38495
99
95
97
100
100
38495
15916
100
38495
15916
38495
100
19986
23331
100
100
38495
38131
100
38495
100
100
26286
38495
100
100
38495
14006
100
5836
38495
97
33224
38495
14006
100
100
38495
38495
38495
99
38495
99
100
99
28224
100
91
15496
6527
38495
38495
100
13930
16285
30048
24671
38495
18914
100
38495
100
36709
100
100
100
99
98
38495
38495
100
38495
99
38495
32109
100
100
33518
100
38495
38495
100
38495
97
100
100
99
38495
100
100
38495
100
100
100
38495
38495
100
100
38495
100
97
100
100
38495
100
100
100
100
100
100
38495
6767
38495
13411
57
38495
100
100
38495
100
99
100
100
100
100
38495
97
100
92
100
99
100
18266
28855
99
100
98
38495
38495
100
38495
31426
38495
13747
100
38495
18005
100
100
98
38495
38495
100
38495
38495
100
38495
100
100
38495
100
100
38495
5375
38495
100
100
38495
99
100
38495
38495
17911
38495
13006
100
99
3759
99
100
12435
38495
36551
99
100
99
100
37771
38495
38495
38495
38495
38495
38495
100
100
100
5065
100
99
38495
100
97
100
38495
38495
100
38495
99
97
100
38495
15285
17767
100
100
38495
27511
3682
99
38495
38495
37416
901
38495
100
100
38495
100
38495
24178
100
6655
92
100
34995
99
29308
99
6767
38495
100
38495
33862
38495
17615
100
100
100
38495
21766
38495
91
38495
100
38495
38495
38495
28093
100
20051
100
38495
100
100
38495
100
100
100
11174
38495
97
26038
100
100
100
11916
99
97
38495
97
96
97
100
37711
3593
100
38495
38495
38495
25191
22970
23035
100
100
24539
38495
38495
65
38495
100
38495
30194
37088
35597
38495
100
100
100
38495
38495
97
35597
38495
38495
38495
100
100
100
100
38495
28472
38495
29565
100
100
38495
100
100
19580
100
69
100
99
38495
100
18487
100
38495
38495
38495
23367
100
38495
38495
83
97
15496
100
28570
32637
9498
100
98
11436
100
38495
100
97
19541
2600
38495
38495
38495
14634
100
38495
99
13006
99
38495
38495
100
38495
100
38495
98
38495
33497
38495
100
13801
99
33279
100
38495
38495
38495
100
38495
100
26410
38495
38495
38495
100
17037
100
19762
100
100
25424
20211
98
99
100
38495
29308
29877
37180
34995
100
38495
38495
38495
38495
18743
38495
18118
38495
99
31284
38495
38495
38495
100
24440
32036
37771
5274
99
38495
26664
38495
38495
99
38495
100
33951
38495
99
38495
38495
17394
38495
38495
100
38495
100
12581
100
38495
100
22024
100
38495
100
9670
38495
38495
35924
100
38495
100
